0 0.91328125 0.0609375 0.1734375 0.121875
2 0.19296875 0.02109375 0.3859375 0.0421875
2 0.246875 0.5203125 0.42578125 0.0875
1 0.46796875 0.396875 0.89609375 0.11171875
2 0.153125 0.1171875 0.2921875 0.02734375
2 0.16484375 0.06640625 0.3078125 0.03046875
2 0.7125 0.54296875 0.3046875 0.0328125
2 0.71015625 0.19921875 0.39609375 0.11640625
2 0.7328125 0.515625 0.334375 0.02421875
2 0.72109375 0.48671875 0.30234375 0.03203125
2 0.2453125 0.19140625 0.39140625 0.06015625
2 0.15625 0.09140625 0.2953125 0.02578125
2 0.68359375 0.6390625 0.23125 0.02578125
2 0.76015625 0.69375 0.47890625 0.0453125
2 0.2625 0.70078125 0.4703125 0.04375
2 0.28203125 0.7734375 0.51171875 0.053125