0 0.07890625 0.05625 0.1578125 0.10859375
2 0.65078125 0.03671875 0.20703125 0.03203125
2 0.6671875 0.08984375 0.24140625 0.0625
2 0.70234375 0.21875 0.3 0.109375
2 0.184375 0.24921875 0.30703125 0.05546875
2 0.2046875 0.18671875 0.334375 0.04453125
2 0.53671875 0.2953125 0.31875 0.02578125
2 0.21484375 0.8296875 0.41875 0.11015625
2 0.1515625 0.9203125 0.28125 0.03125
2 0.73671875 0.8859375 0.18828125 0.0265625
2 0.78359375 0.81640625 0.284375 0.065625
1 0.47734375 0.684375 0.94296875 0.11953125