2 0.13515625 0.03203125 0.2703125 0.03203125
2 0.13828125 0.07890625 0.27265625 0.0453125
2 0.5828125 0.09921875 0.35859375 0.04765625
2 0.85703125 0.159375 0.2546875 0.02734375
2 0.54296875 0.16484375 0.2875 0.03359375
2 0.85234375 0.22265625 0.24609375 0.02890625
2 0.1421875 0.13515625 0.27890625 0.03359375
2 0.19921875 0.221875 0.3984375 0.10546875
2 0.1765625 0.34140625 0.353125 0.1171875
2 0.859375 0.67890625 0.27734375 0.03203125
2 0.7 0.7140625 0.2234375 0.03125
2 0.38984375 0.7515625 0.38828125 0.04140625
2 0.20703125 0.8203125 0.4109375 0.078125
2 0.25703125 0.91328125 0.51328125 0.07265625
1 0.4703125 0.6 0.940625 0.12578125
0 0.9171875 0.05859375 0.165625 0.1171875