0 0.0765625 0.05625 0.13828125 0.103125
2 0.615625 0.0359375 0.13671875 0.0265625
2 0.67109375 0.0890625 0.246875 0.0578125
2 0.7265625 0.21953125 0.353125 0.11640625
2 0.5359375 0.29140625 0.30703125 0.02734375
2 0.20078125 0.18671875 0.325 0.03984375
2 0.1875 0.24765625 0.3015625 0.0609375
2 0.2 0.83046875 0.3875 0.11015625
2 0.77890625 0.81640625 0.2734375 0.06328125
2 0.73359375 0.88515625 0.178125 0.0328125
2 0.14765625 0.9234375 0.27890625 0.03203125
1 0.48046875 0.69453125 0.94765625 0.0953125