2 0.7328125 0.26953125 0.34609375 0.05
2 0.7984375 0.2140625 0.1984375 0.03515625
2 0.24296875 0.25078125 0.35859375 0.12734375
2 0.7109375 0.63203125 0.2984375 0.02421875
2 0.73125 0.67578125 0.321875 0.03359375
1 0.51484375 0.4734375 0.94921875 0.2125
0 0.91875 0.05390625 0.1578125 0.1078125
2 0.2484375 0.0515625 0.378125 0.040625
2 0.68046875 0.771875 0.21171875 0.03515625
2 0.24609375 0.853125 0.3875 0.08359375
2 0.22734375 0.928125 0.36953125 0.03125
2 0.1921875 0.13046875 0.2875 0.0234375
2 0.48984375 0.13359375 0.2515625 0.03203125
2 0.78984375 0.13203125 0.2359375 0.0234375