2 0.53828125 0.12578125 0.34453125 0.128125
2 0.840625 0.11484375 0.265625 0.0484375
2 0.08671875 0.0765625 0.17109375 0.0375
2 0.16171875 0.13828125 0.31640625 0.05234375
2 0.26328125 0.40546875 0.51953125 0.065625
2 0.21796875 0.49296875 0.43203125 0.0484375
2 0.77578125 0.51953125 0.4390625 0.03515625
2 0.72734375 0.4328125 0.3125 0.1125
2 0.21640625 0.75078125 0.4328125 0.0765625
2 0.45 0.91328125 0.340625 0.03046875
1 0.4671875 0.2671875 0.88515625 0.1109375
0 0.7328125 0.90859375 0.1890625 0.12578125
2 0.71796875 0.01640625 0.1484375 0.0328125