0 0.08046875 0.05703125 0.134375 0.11015625
2 0.64921875 0.03359375 0.20703125 0.03359375
2 0.67109375 0.08828125 0.25 0.059375
2 0.7109375 0.21953125 0.32109375 0.1140625
2 0.53671875 0.2921875 0.303125 0.02421875
2 0.1859375 0.24765625 0.2953125 0.06171875
2 0.203125 0.184375 0.32265625 0.0484375
2 0.21328125 0.8296875 0.41328125 0.11015625
2 0.790625 0.8171875 0.2953125 0.06171875
2 0.75078125 0.884375 0.20625 0.0296875
2 0.1859375 0.921875 0.3546875 0.03046875
1 0.4796875 0.6734375 0.940625 0.140625