0 0.1421875 0.15234375 0.1734375 0.12265625
2 0.33359375 0.128125 0.1984375 0.028125
2 0.621875 0.621875 0.3515625 0.0265625
1 0.4390625 0.52421875 0.871875 0.140625
2 0.709375 0.24921875 0.2921875 0.02734375
2 0.38515625 0.171875 0.303125 0.04765625
2 0.70703125 0.22265625 0.28671875 0.02578125
2 0.74921875 0.32734375 0.38046875 0.11328125
2 0.3109375 0.76640625 0.50546875 0.046875
2 0.60859375 0.72109375 0.30234375 0.03203125
2 0.71015625 0.0328125 0.3734375 0.0328125
2 0.7125 0.1984375 0.2953125 0.02578125