0 0.06796875 0.0546875 0.1359375 0.109375
2 0.61015625 0.03359375 0.14453125 0.0296875
2 0.66953125 0.0890625 0.24921875 0.065625
2 0.20234375 0.1859375 0.31953125 0.0453125
2 0.18828125 0.24921875 0.29765625 0.06484375
2 0.5375 0.29296875 0.3234375 0.02578125
2 0.71484375 0.21875 0.34140625 0.1078125
2 0.21875 0.8265625 0.4234375 0.10703125
2 0.79296875 0.81328125 0.29609375 0.0640625
2 0.74921875 0.88125 0.209375 0.0328125
2 0.22578125 0.93046875 0.434375 0.04140625
1 0.478125 0.69453125 0.94375 0.09921875