0 0.07578125 0.0578125 0.1515625 0.115625
2 0.28515625 0.06796875 0.2671875 0.0453125
1 0.45 0.56171875 0.88671875 0.09921875
2 0.509375 0.1640625 0.29453125 0.0234375
2 0.6328125 0.684375 0.30859375 0.025
2 0.51640625 0.140625 0.3109375 0.02890625
2 0.63984375 0.6609375 0.334375 0.02421875
2 0.62265625 0.63359375 0.30234375 0.03203125
2 0.50859375 0.1859375 0.2953125 0.02578125
2 0.58671875 0.740625 0.23125 0.02578125
2 0.36953125 0.93671875 0.4546875 0.03125
2 0.64921875 0.96484375 0.32109375 0.02734375
2 0.26484375 0.78046875 0.51484375 0.05625