0 0.1421875 0.15234375 0.1734375 0.12265625
2 0.33359375 0.128125 0.1984375 0.028125
2 0.621875 0.621875 0.3515625 0.0265625
1 0.44765625 0.54453125 0.8890625 0.10078125
2 0.709375 0.24921875 0.2921875 0.02734375
2 0.38515625 0.171875 0.303125 0.04765625
2 0.70703125 0.22265625 0.28671875 0.02578125
2 0.74921875 0.32734375 0.38046875 0.11328125
2 0.32265625 0.78203125 0.52890625 0.07734375
2 0.60859375 0.72109375 0.30234375 0.03203125
2 0.64140625 0.03515625 0.2359375 0.0375
2 0.7125 0.1984375 0.2953125 0.02578125