0 0.07421875 0.05390625 0.14375 0.10703125
2 0.61328125 0.034375 0.13984375 0.0328125
2 0.671875 0.0890625 0.25234375 0.0625
2 0.69609375 0.21796875 0.28984375 0.1140625
2 0.5359375 0.29296875 0.30703125 0.02421875
2 0.1875 0.246875 0.29140625 0.06015625
2 0.2015625 0.18515625 0.31953125 0.04296875
2 0.19921875 0.82890625 0.3828125 0.1078125
2 0.15234375 0.9203125 0.28984375 0.0328125
2 0.75234375 0.88125 0.2109375 0.03046875
2 0.790625 0.815625 0.29296875 0.0640625
1 0.478125 0.67265625 0.934375 0.13671875