0 0.08046875 0.05625 0.14375 0.10703125
2 0.6765625 0.0890625 0.26796875 0.0625
2 0.6484375 0.03515625 0.20625 0.03203125
2 0.69765625 0.21875 0.28828125 0.10390625
2 0.5359375 0.2921875 0.30390625 0.021875
2 0.184375 0.24921875 0.2984375 0.0578125
2 0.2015625 0.1859375 0.32265625 0.0453125
2 0.20859375 0.825 0.41171875 0.1109375
2 0.78828125 0.8140625 0.2828125 0.0609375
2 0.75078125 0.884375 0.21171875 0.03125
2 0.24140625 0.93125 0.46328125 0.04765625
1 0.478125 0.70390625 0.940625 0.07734375