2 0.7328125 0.26953125 0.34609375 0.05
2 0.7984375 0.2140625 0.1984375 0.03515625
2 0.2265625 0.2484375 0.3265625 0.12109375
2 0.7109375 0.63203125 0.2984375 0.02421875
2 0.73125 0.67578125 0.321875 0.03359375
1 0.50703125 0.4953125 0.94921875 0.19375
0 0.91875 0.05390625 0.1578125 0.1078125
2 0.1421875 0.0515625 0.15703125 0.0265625
2 0.68671875 0.7734375 0.21171875 0.03515625
2 0.24609375 0.853125 0.3875 0.08359375
2 0.1984375 0.921875 0.31171875 0.02421875
2 0.1921875 0.13046875 0.2875 0.0234375
2 0.48984375 0.13359375 0.2515625 0.03203125
2 0.78984375 0.13203125 0.2359375 0.0234375