0 0.07890625 0.05625 0.1578125 0.10859375
2 0.721875 0.0375 0.3484375 0.03359375
2 0.6671875 0.08984375 0.24140625 0.0625
2 0.7484375 0.22265625 0.396875 0.11484375
2 0.184375 0.24921875 0.30703125 0.05546875
2 0.2046875 0.18671875 0.334375 0.04453125
2 0.53671875 0.2953125 0.31875 0.02578125
2 0.246875 0.82578125 0.484375 0.1171875
2 0.24453125 0.93671875 0.46796875 0.059375
2 0.75546875 0.88671875 0.2265625 0.03828125
2 0.78984375 0.81796875 0.3 0.065625
1 0.48359375 0.67265625 0.95625 0.14296875