0 0.071875 0.05390625 0.14296875 0.1078125
2 0.6484375 0.03515625 0.20546875 0.0296875
2 0.66328125 0.0890625 0.23828125 0.06328125
2 0.7125 0.21796875 0.31328125 0.1109375
2 0.53984375 0.2953125 0.3078125 0.03046875
2 0.18671875 0.246875 0.29375 0.0640625
2 0.20546875 0.18515625 0.328125 0.0390625
1 0.48125 0.67109375 0.94375 0.14375
2 0.2265625 0.83125 0.440625 0.1125
2 0.2390625 0.9359375 0.4703125 0.0484375
2 0.78671875 0.81328125 0.2796875 0.06171875
2 0.74140625 0.884375 0.19296875 0.03203125