0 0.075 0.05546875 0.14296875 0.1109375
2 0.646875 0.034375 0.21171875 0.03046875
2 0.6640625 0.08828125 0.2359375 0.06328125
2 0.74453125 0.21953125 0.39140625 0.115625
2 0.5375 0.29296875 0.30625 0.02578125
2 0.184375 0.2484375 0.30234375 0.06171875
2 0.2015625 0.1875 0.32265625 0.04609375
2 0.2078125 0.8265625 0.40390625 0.11328125
2 0.7859375 0.8140625 0.28359375 0.06875
2 0.73515625 0.884375 0.1921875 0.028125
2 0.1484375 0.92265625 0.27734375 0.02578125
1 0.4796875 0.6953125 0.940625 0.09765625