2 0.53828125 0.12578125 0.34453125 0.128125
2 0.840625 0.11484375 0.265625 0.0484375
2 0.08671875 0.0765625 0.17109375 0.0375
2 0.16171875 0.13828125 0.31640625 0.05234375
2 0.259375 0.40703125 0.51171875 0.06875
2 0.1890625 0.48125 0.378125 0.04375
2 0.75859375 0.51953125 0.4046875 0.03515625
2 0.72734375 0.43515625 0.3125 0.10703125
2 0.21640625 0.75078125 0.4328125 0.0765625
2 0.45 0.91328125 0.340625 0.03046875
1 0.46328125 0.259375 0.88515625 0.13203125
0 0.7328125 0.90859375 0.1890625 0.12578125
2 0.74375 0.01640625 0.20625 0.0328125