0 0.42890625 0.196875 0.1734375 0.12265625
2 0.54609375 0.28515625 0.24765625 0.0234375
2 0.1375 0.29765625 0.27421875 0.03046875
2 0.11484375 0.165625 0.2296875 0.02578125
1 0.4765625 0.5734375 0.953125 0.096875
2 0.8375 0.296875 0.2921875 0.02734375
2 0.165625 0.209375 0.33125 0.04140625
2 0.546875 0.32265625 0.2703125 0.0265625
2 0.75546875 0.20390625 0.41875 0.11953125
2 0.5671875 0.3765625 0.3234375 0.0296875
2 0.81171875 0.67109375 0.2875 0.02265625
2 0.2078125 0.89453125 0.415625 0.0484375
2 0.8171875 0.7796875 0.29921875 0.01875
2 0.78359375 0.8328125 0.21796875 0.02734375
2 0.18828125 0.06875 0.37578125 0.034375