0 0.07578125 0.0546875 0.14609375 0.10703125
2 0.6109375 0.034375 0.1453125 0.03359375
2 0.6625 0.08984375 0.23984375 0.0640625
2 0.69765625 0.21796875 0.29609375 0.11484375
2 0.54140625 0.29140625 0.3171875 0.028125
2 0.18671875 0.24609375 0.29921875 0.0609375
2 0.2 0.184375 0.32578125 0.0421875
2 0.24140625 0.82734375 0.4734375 0.10390625
2 0.7875 0.81484375 0.2859375 0.059375
2 0.7390625 0.884375 0.1890625 0.03125
2 0.22109375 0.9296875 0.41953125 0.0515625
1 0.47890625 0.67109375 0.94296875 0.14375