2 0.1203125 0.11875 0.23984375 0.03671875
2 0.13984375 0.06875 0.27734375 0.053125
2 0.71796875 0.01875 0.36796875 0.03671875
2 0.86796875 0.0984375 0.1765625 0.03046875
2 0.7375 0.246875 0.41015625 0.1140625
0 0.6640625 0.1109375 0.16953125 0.12265625
1 0.44140625 0.52109375 0.878125 0.12109375
2 0.55546875 0.60859375 0.2921875 0.0359375
2 0.6453125 0.67109375 0.21328125 0.03515625
2 0.27578125 0.7625 0.48046875 0.05703125
2 0.3359375 0.846875 0.3046875 0.05390625
2 0.6375 0.89609375 0.29921875 0.0328125