0 0.46484375 0.0703125 0.171875 0.12265625
2 0.1203125 0.03984375 0.17109375 0.0328125
2 0.190625 0.09296875 0.31484375 0.0296875
2 0.159375 0.125 0.2515625 0.02890625
2 0.2109375 0.21171875 0.3765625 0.0390625
2 0.23125 0.36796875 0.4296875 0.13046875
2 0.81015625 0.31953125 0.25546875 0.025
2 0.809375 0.35078125 0.26640625 0.0265625
2 0.80859375 0.378125 0.24609375 0.0234375
1 0.47421875 0.6140625 0.94765625 0.14921875
2 0.615625 0.740625 0.27421875 0.0390625
2 0.56640625 0.84140625 0.16875 0.03203125
2 0.58828125 0.93671875 0.2109375 0.03046875