0 0.17421875 0.14921875 0.1734375 0.12265625
2 0.18671875 0.0171875 0.3734375 0.034375
2 0.25546875 0.70234375 0.484375 0.05078125
1 0.5140625 0.5546875 0.89140625 0.2046875
2 0.7328125 0.24609375 0.2921875 0.02734375
2 0.12421875 0.0671875 0.20234375 0.034375
2 0.6484375 0.8609375 0.4734375 0.04296875
2 0.6296875 0.37265625 0.434375 0.0984375
2 0.28515625 0.7984375 0.5234375 0.06953125
2 0.79609375 0.7140625 0.30234375 0.03203125
2 0.71875 0.07578125 0.38046875 0.04765625
2 0.340625 0.24609375 0.2953125 0.02578125