0 0.07734375 0.0546875 0.1546875 0.10859375
2 0.61875 0.034375 0.1484375 0.03203125
2 0.6609375 0.08828125 0.23984375 0.06328125
2 0.75703125 0.21796875 0.4125 0.11640625
2 0.1984375 0.1859375 0.33671875 0.04453125
2 0.1859375 0.25 0.29609375 0.05703125
2 0.5359375 0.29296875 0.309375 0.0296875
2 0.20703125 0.828125 0.38984375 0.11015625
2 0.14921875 0.9234375 0.278125 0.028125
2 0.75546875 0.884375 0.2125 0.025
2 0.79140625 0.81328125 0.29296875 0.0671875
1 0.4796875 0.6828125 0.9390625 0.11875