0 0.07578125 0.0578125 0.1515625 0.115625
2 0.35625 0.0671875 0.41015625 0.046875
1 0.446875 0.55390625 0.88125 0.11484375
2 0.509375 0.1640625 0.29453125 0.0234375
2 0.6328125 0.684375 0.30859375 0.025
2 0.51640625 0.140625 0.3109375 0.02890625
2 0.63984375 0.6609375 0.334375 0.02421875
2 0.62265625 0.63359375 0.30234375 0.03203125
2 0.50859375 0.1859375 0.2953125 0.02578125
2 0.58671875 0.740625 0.23125 0.02578125
2 0.40546875 0.940625 0.52734375 0.04453125
2 0.6578125 0.96796875 0.3234375 0.0265625
2 0.28984375 0.79609375 0.5640625 0.08828125