0 0.0734375 0.05390625 0.1359375 0.10390625
2 0.725 0.03515625 0.36796875 0.03671875
2 0.66953125 0.0890625 0.26015625 0.06328125
2 0.71953125 0.21953125 0.33828125 0.11328125
2 0.53515625 0.29296875 0.3109375 0.02109375
2 0.18671875 0.2515625 0.29921875 0.0609375
2 0.203125 0.18671875 0.32421875 0.0484375
1 0.4796875 0.69453125 0.93828125 0.09921875
2 0.21171875 0.8296875 0.415625 0.11484375
2 0.79296875 0.81640625 0.296875 0.065625
2 0.746875 0.88203125 0.20625 0.03125
2 0.1484375 0.92265625 0.2796875 0.028125