0 0.07578125 0.0546875 0.12734375 0.10859375
2 0.72265625 0.03671875 0.35859375 0.0296875
2 0.671875 0.08984375 0.25234375 0.0625
2 0.6984375 0.21953125 0.303125 0.10703125
2 0.5328125 0.2921875 0.30859375 0.028125
2 0.1859375 0.25 0.296875 0.06328125
2 0.20390625 0.18515625 0.3265625 0.04140625
1 0.47890625 0.68359375 0.93984375 0.11875
2 0.7875 0.81640625 0.2890625 0.05546875
2 0.734375 0.88359375 0.17734375 0.03125
2 0.2109375 0.8265625 0.409375 0.11328125
2 0.2390625 0.9296875 0.4625 0.040625