0 0.2125 0.0640625 0.1734375 0.12265625
2 0.746875 0.09140625 0.28359375 0.0234375
2 0.79609375 0.015625 0.1515625 0.0265625
2 0.32578125 0.13828125 0.36953125 0.028125
1 0.47109375 0.55 0.9421875 0.090625
2 0.76015625 0.05625 0.2921875 0.01875
2 0.29765625 0.18828125 0.3125 0.040625
2 0.75 0.11796875 0.290625 0.021875
2 0.76875 0.3625 0.41796875 0.12421875
2 0.803125 0.1515625 0.371875 0.0296875
2 0.77109375 0.628125 0.2875 0.02265625
2 0.6015625 0.646875 0.28203125 0.02109375
2 0.61015625 0.66796875 0.29921875 0.01875
2 0.5703125 0.73984375 0.21796875 0.02734375