0 0.07421875 0.05625 0.1484375 0.11171875
2 0.61328125 0.034375 0.14765625 0.03203125
2 0.67109375 0.090625 0.25546875 0.06640625
2 0.71484375 0.2203125 0.33359375 0.11640625
2 0.534375 0.29296875 0.30859375 0.0296875
2 0.1921875 0.2484375 0.30625 0.0609375
2 0.2046875 0.1859375 0.32421875 0.0453125
2 0.246875 0.82734375 0.47890625 0.11171875
2 0.79375 0.815625 0.30234375 0.06875
2 0.75546875 0.8828125 0.2171875 0.0359375
2 0.15546875 0.9203125 0.3 0.034375
1 0.48046875 0.69375 0.9484375 0.10234375