2 0.1203125 0.11875 0.23984375 0.03671875
2 0.13984375 0.06875 0.27734375 0.053125
2 0.71796875 0.0171875 0.36796875 0.034375
2 0.86796875 0.0984375 0.1765625 0.03046875
2 0.7375 0.246875 0.41015625 0.1140625
0 0.6640625 0.1109375 0.16953125 0.12265625
1 0.440625 0.46640625 0.878125 0.23046875
2 0.55546875 0.60859375 0.2921875 0.0359375
2 0.64375 0.6703125 0.21328125 0.03828125
2 0.29609375 0.77109375 0.52109375 0.0734375
2 0.41796875 0.8484375 0.471875 0.046875
2 0.63671875 0.89375 0.284375 0.0296875