2 0.53828125 0.12578125 0.34453125 0.128125
2 0.840625 0.11484375 0.265625 0.0484375
2 0.08671875 0.0765625 0.17109375 0.0375
2 0.16171875 0.13828125 0.31640625 0.05234375
2 0.24921875 0.39609375 0.49140625 0.04765625
2 0.153125 0.49296875 0.29453125 0.03984375
2 0.75859375 0.51953125 0.4046875 0.03515625
2 0.71328125 0.43515625 0.284375 0.10703125
2 0.21640625 0.75078125 0.4328125 0.0765625
2 0.45 0.91328125 0.340625 0.03046875
1 0.46328125 0.25859375 0.88515625 0.13359375
0 0.7328125 0.90859375 0.1890625 0.12578125
2 0.75234375 0.015625 0.2234375 0.03046875